-1.5016410860050897
1.1562576715270516
2.22137416113365
-0.40362478234947696
0.2758210087285676
0.2856468688544828
-0.5667085772551473
0.7939761815270172
-0.2873835545311322
-1.9322468636540333
-0.9067959976246455
-0.041698432178613805
0.7717224864777511
0.5487784655824609
-1.8359686365254355
0.21670129446963637
2.294559840381118
0.9731239994846063
-0.1055720665541416
-1.0199029507862019
-0.1442965012116939
-1.0478906598257924
-1.1901379249358748
-0.25842731542055486
0.4901884381492217
0.5174614505966015
-0.7662146944719657
0.5340376629718967
1.3035176444126073
-0.3469568729363474
-0.8338653289996921
0.4346110053261746
-0.8296539811656192
-0.0755814865987439
0.042429199389999186
-0.8937166703416538
-0.9927840375438498
-0.5755939639418594
0.07593783351909719
-1.0025991205655094
