0.357095,-0.257874,0.386459,0.465578,0.118807,-0.413193,0.677105,
0.577568,-0.541659,0.47149,2.50643,0.568458,-0.262273,-0.892472,
-0.572607,2.2467,0.499408,0.325946,0.572886,1.26591,-0.164896,
-0.0649891,0.632047,1.24084,-0.50141,1.68665,-1.00264,-1.15958,
1.47424,1.56256,-0.02779,1.1046,1.20145,0.44415,1.0312,
0.62988,-0.882879,0.211703,0.495628,0.765896,-2.3922,-1.71096,
0.00347984,-0.228111,-0.261448,1.43664,0.498999,1.76849,-0.737724,
-0.417376,-1.41902,0.140272,
-0.017875,-0.170153,-0.910431,
0.235463,-0.252406,1.55738,
1.42739,-1.06064,-1.75645,-1.21935,1.06203,-0.83585,-0.231477,
0.163156,-0.420389,-0.229849,0.745816,-0.848437,0.667072,1.78339,
-0.544941,0.170106,1.26367,1.23646,-0.831691,-0.0744486,1.39932,
0.252198,0.6528,-1.73669,0.947036,0.228261,-0.338289,3.24165,
0.24541,0.78894,-0.564772,0.532477,0.0356045,0.163082,-0.744439,
-0.792291,-0.0211833,-2.08695,1.10647,0.56966,-0.503771,-0.572938,
0.621406,0.496466,-0.00549992,1.01075,-0.438419,-0.519419,-2.35561,
-0.920989,-0.33702,-0.526203,
-1.59831,-0.450171,0.337322,
0.977546,0.538295,-0.836853,
